22:27:32 67.15 38.39 40.45
22:27:52 75.46 42.35 41.84
22:28:12 64.88 42.09 41.76
22:28:32 48.99 39.95 40.99
22:28:52 38.35 38.10 40.31
22:29:12 29.92 36.20 39.57
22:29:32 24.78 34.63 38.93
22:29:53 21.96 33.33 38.36
22:30:13 19.10 31.95 37.75
22:30:33 16.10 30.43 37.07
22:30:53 13.92 28.99 36.40
22:31:13 12.95 27.79 35.80
22:31:33 11.71 26.54 35.16
22:31:53 11.37 25.50 34.59
22:32:13 13.27 25.03 34.21
22:32:33 14.40 24.55 33.82
22:32:53 13.37 23.66 33.29
22:33:13 17.80 23.98 33.18
22:33:33 16.15 23.19 32.68
22:33:53 14.68 22.40 32.17
22:34:13 14.66 21.88 31.76
22:34:33 14.52 21.39 31.35
22:34:53 12.58 20.50 30.80
22:35:13 13.53 20.17 30.44
22:35:33 18.48 20.88 30.46
22:35:53 19.80 21.07 30.31
22:36:13 17.13 20.39 29.85
22:36:34 16.62 20.05 29.51
22:36:54 16.93 19.89 29.23
22:37:14 25.69 21.67 29.65
22:37:34 22.57 21.22 29.30
22:37:54 20.95 20.93 29.01
22:38:14 19.68 20.64 28.71
22:38:34 26.09 22.08 29.04
22:38:54 41.78 25.60 30.13
22:39:14 54.28 29.37 31.36
22:39:34 53.07 30.86 31.86
22:39:54 46.46 30.83 31.83
22:40:14 42.09 30.84 31.81
22:40:34 39.15 30.87 31.79
22:40:54 32.92 29.99 31.46
22:41:14 27.41 28.93 31.04
22:41:34 22.67 27.75 30.57
22:41:54 18.84 26.55 30.07
22:42:14 15.76 25.35 29.56
22:42:34 13.43 24.19 29.05
22:42:54 11.75 23.11 28.54
22:43:14 12.14 22.47 28.19
22:43:34 11.37 21.63 27.75
22:43:55 11.02 20.88 27.34
22:44:15 9.92 19.99 26.87
22:44:35 10.66 19.51 26.54
22:44:55 9.96 18.77 26.11
22:45:15 9.59 18.11 25.70
22:45:35 9.32 17.49 25.30
22:45:55 9.72 17.04 24.96
22:46:15 9.55 16.52 24.58
22:46:35 8.95 15.93 24.19
22:46:55 10.96 15.91 23.98
22:47:15 12.99 16.07 23.86
22:47:35 11.42 15.52 23.47
22:47:55 11.36 15.24 23.19
22:48:15 11.26 14.96 22.91
22:48:35 14.26 15.32 22.85
22:48:55 14.67 15.35 22.68
22:49:15 15.41 15.46 22.55
22:49:35 23.40 17.23 23.01
22:49:55 20.65 17.01 22.80
22:50:15 18.01 16.63 22.53
22:50:36 15.63 16.18 22.23
22:50:56 14.57 15.89 21.98
22:51:16 14.31 15.76 21.80
22:51:36 14.13 15.63 21.61
22:51:56 13.34 15.36 21.37
22:52:16 12.47 15.04 21.12
22:52:36 11.87 14.73 20.87
22:52:56 12.63 14.72 20.72
22:53:16 11.92 14.41 20.47
22:53:36 12.27 14.35 20.30
22:53:56 13.30 14.45 20.20
22:54:16 12.42 14.18 19.97
22:54:36 10.73 13.68 19.66
22:54:56 9.65 13.25 19.36
22:55:16 9.88 13.05 19.15
22:55:36 11.38 13.18 19.05
22:55:56 16.81 14.28 19.31
22:56:16 21.92 15.64 19.68
22:56:37 20.05 15.60 19.57
22:56:57 27.36 17.35 20.09
22:57:17 40.27 20.73 21.23
22:57:37 99.04 35.18 26.39
22:57:57 138.79 49.63 31.85
22:58:17 161.29 60.16 36.01
22:58:37 193.95 74.56 41.76
22:58:57 214.81 87.13 47.04
22:59:17 200.09 92.46 49.90
22:59:37 176.52 94.13 51.50
22:59:57 205.94 106.19 56.81
23:00:17 215.76 114.93 61.10
23:00:37 245.17 128.03 67.04
23:00:58 276.06 142.73 73.73
23:01:18 293.42 155.10 79.76
23:01:38 287.24 162.83 84.29
23:01:58 209.99 153.26 82.68
23:02:18 212.35 157.09 85.67
23:02:38 190.40 156.22 87.05
23:02:58 142.40 147.51 85.54
23:03:18 106.34 138.95 83.90
23:03:38 79.78 130.77 82.25
23:03:58 60.37 123.04 80.60
23:04:18 55.10 117.62 79.64
23:04:38 44.70 111.20 78.21
23:04:58 36.24 104.97 76.74
23:05:18 31.32 99.37 75.39
23:05:39 40.06 96.99 75.10
23:05:59 53.13 96.32 75.36
23:06:19 66.45 96.32 75.84
23:06:39 132.95 109.47 81.02
23:06:59 118.12 108.07 81.21
23:07:20 93.07 102.88 79.97
23:07:40 113.42 106.76 81.88
23:08:00 89.77 101.79 80.67
23:08:20 73.28 97.29 79.55
23:08:40 57.94 92.25 78.16
23:09:00 45.54 87.19 76.67
23:09:20 45.18 84.46 75.94
23:09:40 80.16 89.99 78.12
23:10:00 81.19 89.59 78.25
23:10:21 64.54 85.19 76.94
23:10:41 63.83 83.61 76.56
23:11:01 119.44 94.91 80.77
23:11:21 139.51 100.94 83.25
23:11:41 124.82 100.19 83.40
23:12:01 125.72 102.02 84.45
23:12:21 131.30 104.54 85.74
23:12:41 134.75 107.26 87.16
23:13:01 133.64 108.73 88.15
23:13:21 125.48 108.56 88.58
23:13:41 105.52 105.32 87.89
23:14:01 100.19 103.86 87.76
23:14:21 128.27 110.19 90.41
23:14:42 98.26 104.50 88.83
23:15:02 75.69 98.94 87.20
23:15:22 60.40 93.94 85.68
23:15:42 57.35 90.91 84.77
23:16:02 97.79 97.73 87.34
23:16:22 151.71 109.96 91.97
23:16:42 146.19 111.60 92.99
23:17:02 159.39 116.63 95.21
23:17:22 191.08 126.40 99.20
23:17:42 236.58 142.27 105.70
23:18:02 244.26 150.08 109.35
23:18:22 241.52 155.89 112.40
23:18:42 220.86 157.11 113.87
23:19:03 208.41 158.21 115.26
23:19:23 233.77 167.08 119.43
23:19:43 206.85 165.37 119.93
23:20:03 214.61 169.69 122.52
23:20:23 214.51 172.64 124.68
23:20:43 179.37 167.42 123.93
23:21:03 134.74 158.04 121.58
23:21:23 100.47 148.71 119.08
23:21:43 79.99 140.91 116.97
23:22:03 61.86 132.82 114.62
23:22:23 51.29 125.77 112.51
23:22:43 54.24 121.57 111.31
23:23:03 49.81 116.20 109.62
23:23:24 40.38 109.76 107.46
23:23:44 35.31 104.13 105.50
23:24:04 29.25 98.29 103.37
23:24:24 25.29 92.91 101.32
23:24:44 30.38 89.55 99.91
23:25:04 57.49 92.22 100.65
23:25:24 72.56 93.42 100.88
23:25:44 87.79 95.46 101.44
23:26:04 99.83 97.52 102.03
23:26:24 124.22 103.00 103.87
23:26:44 166.41 113.92 107.76
23:27:04 142.90 112.19 107.30
23:27:24 140.03 113.61 107.93
23:27:45 137.00 114.59 108.41
23:28:05 137.80 116.14 109.10
23:28:25 119.75 113.43 108.29
23:28:45 111.50 111.93 107.87
23:29:05 105.33 110.39 107.41
23:29:25 97.90 108.54 106.82
23:29:45 103.36 109.01 107.02
23:30:05 97.83 107.54 106.55
23:30:25 73.62 101.40 104.37
23:30:45 56.73 95.74 102.27
23:31:05 44.45 90.41 100.21
23:31:25 37.56 85.86 98.35
23:31:45 31.71 81.41 96.47
23:32:06 28.19 77.40 94.68
23:32:26 26.44 73.82 92.99
23:32:46 25.27 70.50 91.35
23:33:06 23.53 67.15 89.67
23:33:26 21.40 63.86 87.96
23:33:46 20.08 60.82 86.31
23:34:06 19.26 58.00 84.71
23:34:26 25.73 56.90 83.69
23:34:46 46.69 59.86 84.14
23:35:06 55.86 60.94 83.96
23:35:26 50.32 59.34 82.85
23:35:46 64.19 61.76 83.16
23:36:07 68.73 62.81 83.03
23:36:27 61.83 61.58 82.11
23:36:47 50.33 58.96 80.70
23:37:07 42.46 56.67 79.37
23:37:27 35.22 54.10 77.92
23:37:47 31.96 52.10 76.65
23:38:07 64.39 58.03 78.20
23:38:27 75.75 61.10 78.83
23:38:47 89.27 64.92 79.78
23:39:07 70.41 62.22 78.46
23:39:27 90.49 67.37 79.94
23:39:47 74.49 65.21 78.87
23:40:07 68.66 64.52 78.31
23:40:27 83.18 68.22 79.32
23:40:47 74.85 67.38 78.76
23:41:08 85.54 70.12 79.47
23:41:28 81.52 70.67 79.41
23:41:48 75.83 70.23 79.06
23:42:08 88.49 73.33 79.96
23:42:28 82.87 72.93 79.65
23:42:48 81.35 73.33 79.65
23:43:08 84.74 74.48 79.90
23:43:28 89.09 76.27 80.43
23:43:48 92.97 78.09 80.99
23:44:08 98.68 80.12 81.63
23:44:28 90.96 79.48 81.37
23:44:49 80.86 77.96 80.78
23:45:09 78.12 77.49 80.54
23:45:29 68.74 75.45 79.74
23:45:49 79.56 77.37 80.32
23:46:09 115.22 85.21 83.04
23:46:29 113.43 87.13 83.80
